{
 "cells": [
  {
   "cell_type": "code",
   "execution_count": 1,
   "metadata": {
    "collapsed": false
   },
   "outputs": [],
   "source": [
    "import datetime as dt\n",
    "import pandas as pd\n",
    "import numpy as np\n",
    "import matplotlib.pyplot as plt\n",
    "import seaborn as sns\n",
    "%matplotlib inline"
   ]
  },
  {
   "cell_type": "code",
   "execution_count": 2,
   "metadata": {
    "collapsed": true
   },
   "outputs": [],
   "source": [
    "index_master = pd.read_csv(\"dataset/index_master.csv\")"
   ]
  },
  {
   "cell_type": "code",
   "execution_count": 3,
   "metadata": {
    "collapsed": true
   },
   "outputs": [],
   "source": [
    "tracks={}\n",
    "for no in ['A','B','C','D']:\n",
    "    tracks[no] = pd.read_csv(\"dataset/track_\" + no + \".csv\", parse_dates=[\"date\"])"
   ]
  },
  {
   "cell_type": "code",
   "execution_count": 4,
   "metadata": {
    "collapsed": true
   },
   "outputs": [],
   "source": [
    "equipments={}\n",
    "for no in ['A','B','C','D']:\n",
    "    equipments[no] = pd.read_csv(\"dataset/equipment_\" + no + \".csv\")"
   ]
  },
  {
   "cell_type": "code",
   "execution_count": 5,
   "metadata": {
    "collapsed": false
   },
   "outputs": [
    {
     "data": {
      "text/html": [
       "<div>\n",
       "<table border=\"1\" class=\"dataframe\">\n",
       "  <thead>\n",
       "    <tr style=\"text-align: right;\">\n",
       "      <th></th>\n",
       "      <th>date</th>\n",
       "      <th>キロ程</th>\n",
       "      <th>高低左</th>\n",
       "      <th>高低右</th>\n",
       "      <th>通り左</th>\n",
       "      <th>通り右</th>\n",
       "      <th>水準</th>\n",
       "      <th>軌間</th>\n",
       "      <th>速度</th>\n",
       "    </tr>\n",
       "  </thead>\n",
       "  <tbody>\n",
       "    <tr>\n",
       "      <th>0</th>\n",
       "      <td>2017-04-01</td>\n",
       "      <td>10000</td>\n",
       "      <td>-1.16</td>\n",
       "      <td>-0.23</td>\n",
       "      <td>1.20</td>\n",
       "      <td>1.20</td>\n",
       "      <td>0.83</td>\n",
       "      <td>3.89</td>\n",
       "      <td>84.0</td>\n",
       "    </tr>\n",
       "    <tr>\n",
       "      <th>1</th>\n",
       "      <td>2017-04-01</td>\n",
       "      <td>10001</td>\n",
       "      <td>-1.17</td>\n",
       "      <td>-0.30</td>\n",
       "      <td>1.88</td>\n",
       "      <td>1.88</td>\n",
       "      <td>0.67</td>\n",
       "      <td>4.63</td>\n",
       "      <td>84.0</td>\n",
       "    </tr>\n",
       "    <tr>\n",
       "      <th>2</th>\n",
       "      <td>2017-04-01</td>\n",
       "      <td>10002</td>\n",
       "      <td>-1.09</td>\n",
       "      <td>-0.19</td>\n",
       "      <td>2.30</td>\n",
       "      <td>2.30</td>\n",
       "      <td>0.50</td>\n",
       "      <td>5.33</td>\n",
       "      <td>84.0</td>\n",
       "    </tr>\n",
       "    <tr>\n",
       "      <th>3</th>\n",
       "      <td>2017-04-01</td>\n",
       "      <td>10003</td>\n",
       "      <td>-0.64</td>\n",
       "      <td>0.20</td>\n",
       "      <td>2.28</td>\n",
       "      <td>2.28</td>\n",
       "      <td>0.46</td>\n",
       "      <td>5.90</td>\n",
       "      <td>84.0</td>\n",
       "    </tr>\n",
       "    <tr>\n",
       "      <th>4</th>\n",
       "      <td>2017-04-01</td>\n",
       "      <td>10004</td>\n",
       "      <td>0.47</td>\n",
       "      <td>0.89</td>\n",
       "      <td>1.74</td>\n",
       "      <td>1.74</td>\n",
       "      <td>0.62</td>\n",
       "      <td>6.38</td>\n",
       "      <td>84.5</td>\n",
       "    </tr>\n",
       "  </tbody>\n",
       "</table>\n",
       "</div>"
      ],
      "text/plain": [
       "        date    キロ程   高低左   高低右   通り左   通り右    水準    軌間    速度\n",
       "0 2017-04-01  10000 -1.16 -0.23  1.20  1.20  0.83  3.89  84.0\n",
       "1 2017-04-01  10001 -1.17 -0.30  1.88  1.88  0.67  4.63  84.0\n",
       "2 2017-04-01  10002 -1.09 -0.19  2.30  2.30  0.50  5.33  84.0\n",
       "3 2017-04-01  10003 -0.64  0.20  2.28  2.28  0.46  5.90  84.0\n",
       "4 2017-04-01  10004  0.47  0.89  1.74  1.74  0.62  6.38  84.5"
      ]
     },
     "execution_count": 5,
     "metadata": {},
     "output_type": "execute_result"
    }
   ],
   "source": [
    "tracks[\"A\"].head()"
   ]
  },
  {
   "cell_type": "code",
   "execution_count": 6,
   "metadata": {
    "collapsed": false
   },
   "outputs": [
    {
     "data": {
      "text/html": [
       "<div>\n",
       "<table border=\"1\" class=\"dataframe\">\n",
       "  <thead>\n",
       "    <tr style=\"text-align: right;\">\n",
       "      <th></th>\n",
       "      <th>キロ程</th>\n",
       "      <th>バラスト</th>\n",
       "      <th>ロングレール</th>\n",
       "      <th>マクラギ種別</th>\n",
       "      <th>橋りょう</th>\n",
       "      <th>踏切</th>\n",
       "      <th>通トン</th>\n",
       "      <th>曲線半径</th>\n",
       "      <th>フラグ</th>\n",
       "    </tr>\n",
       "  </thead>\n",
       "  <tbody>\n",
       "    <tr>\n",
       "      <th>0</th>\n",
       "      <td>10000</td>\n",
       "      <td>1</td>\n",
       "      <td>1</td>\n",
       "      <td>3</td>\n",
       "      <td>0</td>\n",
       "      <td>0</td>\n",
       "      <td>13.607</td>\n",
       "      <td>0</td>\n",
       "      <td>1</td>\n",
       "    </tr>\n",
       "    <tr>\n",
       "      <th>1</th>\n",
       "      <td>10001</td>\n",
       "      <td>1</td>\n",
       "      <td>1</td>\n",
       "      <td>3</td>\n",
       "      <td>0</td>\n",
       "      <td>0</td>\n",
       "      <td>13.607</td>\n",
       "      <td>0</td>\n",
       "      <td>1</td>\n",
       "    </tr>\n",
       "    <tr>\n",
       "      <th>2</th>\n",
       "      <td>10002</td>\n",
       "      <td>1</td>\n",
       "      <td>1</td>\n",
       "      <td>3</td>\n",
       "      <td>0</td>\n",
       "      <td>0</td>\n",
       "      <td>13.607</td>\n",
       "      <td>0</td>\n",
       "      <td>1</td>\n",
       "    </tr>\n",
       "    <tr>\n",
       "      <th>3</th>\n",
       "      <td>10003</td>\n",
       "      <td>1</td>\n",
       "      <td>1</td>\n",
       "      <td>3</td>\n",
       "      <td>0</td>\n",
       "      <td>0</td>\n",
       "      <td>13.607</td>\n",
       "      <td>0</td>\n",
       "      <td>1</td>\n",
       "    </tr>\n",
       "    <tr>\n",
       "      <th>4</th>\n",
       "      <td>10004</td>\n",
       "      <td>1</td>\n",
       "      <td>1</td>\n",
       "      <td>1</td>\n",
       "      <td>0</td>\n",
       "      <td>0</td>\n",
       "      <td>13.607</td>\n",
       "      <td>0</td>\n",
       "      <td>1</td>\n",
       "    </tr>\n",
       "  </tbody>\n",
       "</table>\n",
       "</div>"
      ],
      "text/plain": [
       "     キロ程  バラスト  ロングレール  マクラギ種別  橋りょう  踏切     通トン  曲線半径  フラグ\n",
       "0  10000     1       1       3     0   0  13.607     0    1\n",
       "1  10001     1       1       3     0   0  13.607     0    1\n",
       "2  10002     1       1       3     0   0  13.607     0    1\n",
       "3  10003     1       1       3     0   0  13.607     0    1\n",
       "4  10004     1       1       1     0   0  13.607     0    1"
      ]
     },
     "execution_count": 6,
     "metadata": {},
     "output_type": "execute_result"
    }
   ],
   "source": [
    "equipments[\"A\"].head()"
   ]
  },
  {
   "cell_type": "code",
   "execution_count": 7,
   "metadata": {
    "collapsed": false
   },
   "outputs": [
    {
     "data": {
      "text/html": [
       "<div>\n",
       "<table border=\"1\" class=\"dataframe\">\n",
       "  <thead>\n",
       "    <tr style=\"text-align: right;\">\n",
       "      <th></th>\n",
       "      <th>キロ程</th>\n",
       "      <th>高低左</th>\n",
       "      <th>高低右</th>\n",
       "      <th>通り左</th>\n",
       "      <th>通り右</th>\n",
       "      <th>水準</th>\n",
       "      <th>軌間</th>\n",
       "      <th>速度</th>\n",
       "    </tr>\n",
       "  </thead>\n",
       "  <tbody>\n",
       "    <tr>\n",
       "      <th>キロ程</th>\n",
       "      <td>1.000000</td>\n",
       "      <td>0.001649</td>\n",
       "      <td>0.001692</td>\n",
       "      <td>0.001418</td>\n",
       "      <td>0.005611</td>\n",
       "      <td>-0.001766</td>\n",
       "      <td>0.011020</td>\n",
       "      <td>-0.025942</td>\n",
       "    </tr>\n",
       "    <tr>\n",
       "      <th>高低左</th>\n",
       "      <td>0.001649</td>\n",
       "      <td>1.000000</td>\n",
       "      <td>0.859896</td>\n",
       "      <td>-0.024764</td>\n",
       "      <td>0.000893</td>\n",
       "      <td>0.127706</td>\n",
       "      <td>-0.008493</td>\n",
       "      <td>-0.001637</td>\n",
       "    </tr>\n",
       "    <tr>\n",
       "      <th>高低右</th>\n",
       "      <td>0.001692</td>\n",
       "      <td>0.859896</td>\n",
       "      <td>1.000000</td>\n",
       "      <td>-0.013748</td>\n",
       "      <td>0.007806</td>\n",
       "      <td>-0.230668</td>\n",
       "      <td>-0.007818</td>\n",
       "      <td>-0.002890</td>\n",
       "    </tr>\n",
       "    <tr>\n",
       "      <th>通り左</th>\n",
       "      <td>0.001418</td>\n",
       "      <td>-0.024764</td>\n",
       "      <td>-0.013748</td>\n",
       "      <td>1.000000</td>\n",
       "      <td>0.672010</td>\n",
       "      <td>0.110360</td>\n",
       "      <td>0.239638</td>\n",
       "      <td>-0.005872</td>\n",
       "    </tr>\n",
       "    <tr>\n",
       "      <th>通り右</th>\n",
       "      <td>0.005611</td>\n",
       "      <td>0.000893</td>\n",
       "      <td>0.007806</td>\n",
       "      <td>0.672010</td>\n",
       "      <td>1.000000</td>\n",
       "      <td>0.114152</td>\n",
       "      <td>-0.186453</td>\n",
       "      <td>-0.003561</td>\n",
       "    </tr>\n",
       "    <tr>\n",
       "      <th>水準</th>\n",
       "      <td>-0.001766</td>\n",
       "      <td>0.127706</td>\n",
       "      <td>-0.230668</td>\n",
       "      <td>0.110360</td>\n",
       "      <td>0.114152</td>\n",
       "      <td>1.000000</td>\n",
       "      <td>0.004297</td>\n",
       "      <td>0.004581</td>\n",
       "    </tr>\n",
       "    <tr>\n",
       "      <th>軌間</th>\n",
       "      <td>0.011020</td>\n",
       "      <td>-0.008493</td>\n",
       "      <td>-0.007818</td>\n",
       "      <td>0.239638</td>\n",
       "      <td>-0.186453</td>\n",
       "      <td>0.004297</td>\n",
       "      <td>1.000000</td>\n",
       "      <td>0.000767</td>\n",
       "    </tr>\n",
       "    <tr>\n",
       "      <th>速度</th>\n",
       "      <td>-0.025942</td>\n",
       "      <td>-0.001637</td>\n",
       "      <td>-0.002890</td>\n",
       "      <td>-0.005872</td>\n",
       "      <td>-0.003561</td>\n",
       "      <td>0.004581</td>\n",
       "      <td>0.000767</td>\n",
       "      <td>1.000000</td>\n",
       "    </tr>\n",
       "  </tbody>\n",
       "</table>\n",
       "</div>"
      ],
      "text/plain": [
       "          キロ程       高低左       高低右       通り左       通り右        水準        軌間  \\\n",
       "キロ程  1.000000  0.001649  0.001692  0.001418  0.005611 -0.001766  0.011020   \n",
       "高低左  0.001649  1.000000  0.859896 -0.024764  0.000893  0.127706 -0.008493   \n",
       "高低右  0.001692  0.859896  1.000000 -0.013748  0.007806 -0.230668 -0.007818   \n",
       "通り左  0.001418 -0.024764 -0.013748  1.000000  0.672010  0.110360  0.239638   \n",
       "通り右  0.005611  0.000893  0.007806  0.672010  1.000000  0.114152 -0.186453   \n",
       "水準  -0.001766  0.127706 -0.230668  0.110360  0.114152  1.000000  0.004297   \n",
       "軌間   0.011020 -0.008493 -0.007818  0.239638 -0.186453  0.004297  1.000000   \n",
       "速度  -0.025942 -0.001637 -0.002890 -0.005872 -0.003561  0.004581  0.000767   \n",
       "\n",
       "           速度  \n",
       "キロ程 -0.025942  \n",
       "高低左 -0.001637  \n",
       "高低右 -0.002890  \n",
       "通り左 -0.005872  \n",
       "通り右 -0.003561  \n",
       "水準   0.004581  \n",
       "軌間   0.000767  \n",
       "速度   1.000000  "
      ]
     },
     "execution_count": 7,
     "metadata": {},
     "output_type": "execute_result"
    }
   ],
   "source": [
    "tracks[\"A\"].corr()"
   ]
  },
  {
   "cell_type": "code",
   "execution_count": 8,
   "metadata": {
    "collapsed": false
   },
   "outputs": [
    {
     "data": {
      "text/html": [
       "<div>\n",
       "<table border=\"1\" class=\"dataframe\">\n",
       "  <thead>\n",
       "    <tr style=\"text-align: right;\">\n",
       "      <th></th>\n",
       "      <th>キロ程</th>\n",
       "      <th>バラスト</th>\n",
       "      <th>ロングレール</th>\n",
       "      <th>マクラギ種別</th>\n",
       "      <th>橋りょう</th>\n",
       "      <th>踏切</th>\n",
       "      <th>通トン</th>\n",
       "      <th>曲線半径</th>\n",
       "      <th>フラグ</th>\n",
       "    </tr>\n",
       "  </thead>\n",
       "  <tbody>\n",
       "    <tr>\n",
       "      <th>キロ程</th>\n",
       "      <td>1.000000</td>\n",
       "      <td>0.735576</td>\n",
       "      <td>-0.009231</td>\n",
       "      <td>0.049370</td>\n",
       "      <td>0.043236</td>\n",
       "      <td>0.086872</td>\n",
       "      <td>-0.254078</td>\n",
       "      <td>-0.060245</td>\n",
       "      <td>-0.143922</td>\n",
       "    </tr>\n",
       "    <tr>\n",
       "      <th>バラスト</th>\n",
       "      <td>0.735576</td>\n",
       "      <td>1.000000</td>\n",
       "      <td>-0.082503</td>\n",
       "      <td>-0.134649</td>\n",
       "      <td>-0.170557</td>\n",
       "      <td>-0.049865</td>\n",
       "      <td>-0.122773</td>\n",
       "      <td>-0.076995</td>\n",
       "      <td>-0.020903</td>\n",
       "    </tr>\n",
       "    <tr>\n",
       "      <th>ロングレール</th>\n",
       "      <td>-0.009231</td>\n",
       "      <td>-0.082503</td>\n",
       "      <td>1.000000</td>\n",
       "      <td>-0.491214</td>\n",
       "      <td>-0.372674</td>\n",
       "      <td>0.011427</td>\n",
       "      <td>-0.046478</td>\n",
       "      <td>0.047615</td>\n",
       "      <td>-0.305350</td>\n",
       "    </tr>\n",
       "    <tr>\n",
       "      <th>マクラギ種別</th>\n",
       "      <td>0.049370</td>\n",
       "      <td>-0.134649</td>\n",
       "      <td>-0.491214</td>\n",
       "      <td>1.000000</td>\n",
       "      <td>0.668407</td>\n",
       "      <td>0.428016</td>\n",
       "      <td>-0.002388</td>\n",
       "      <td>-0.042737</td>\n",
       "      <td>0.127005</td>\n",
       "    </tr>\n",
       "    <tr>\n",
       "      <th>橋りょう</th>\n",
       "      <td>0.043236</td>\n",
       "      <td>-0.170557</td>\n",
       "      <td>-0.372674</td>\n",
       "      <td>0.668407</td>\n",
       "      <td>1.000000</td>\n",
       "      <td>-0.011865</td>\n",
       "      <td>0.027053</td>\n",
       "      <td>-0.035931</td>\n",
       "      <td>-0.074134</td>\n",
       "    </tr>\n",
       "    <tr>\n",
       "      <th>踏切</th>\n",
       "      <td>0.086872</td>\n",
       "      <td>-0.049865</td>\n",
       "      <td>0.011427</td>\n",
       "      <td>0.428016</td>\n",
       "      <td>-0.011865</td>\n",
       "      <td>1.000000</td>\n",
       "      <td>-0.037583</td>\n",
       "      <td>-0.001028</td>\n",
       "      <td>-0.022551</td>\n",
       "    </tr>\n",
       "    <tr>\n",
       "      <th>通トン</th>\n",
       "      <td>-0.254078</td>\n",
       "      <td>-0.122773</td>\n",
       "      <td>-0.046478</td>\n",
       "      <td>-0.002388</td>\n",
       "      <td>0.027053</td>\n",
       "      <td>-0.037583</td>\n",
       "      <td>1.000000</td>\n",
       "      <td>-0.172894</td>\n",
       "      <td>-0.071135</td>\n",
       "    </tr>\n",
       "    <tr>\n",
       "      <th>曲線半径</th>\n",
       "      <td>-0.060245</td>\n",
       "      <td>-0.076995</td>\n",
       "      <td>0.047615</td>\n",
       "      <td>-0.042737</td>\n",
       "      <td>-0.035931</td>\n",
       "      <td>-0.001028</td>\n",
       "      <td>-0.172894</td>\n",
       "      <td>1.000000</td>\n",
       "      <td>-0.067637</td>\n",
       "    </tr>\n",
       "    <tr>\n",
       "      <th>フラグ</th>\n",
       "      <td>-0.143922</td>\n",
       "      <td>-0.020903</td>\n",
       "      <td>-0.305350</td>\n",
       "      <td>0.127005</td>\n",
       "      <td>-0.074134</td>\n",
       "      <td>-0.022551</td>\n",
       "      <td>-0.071135</td>\n",
       "      <td>-0.067637</td>\n",
       "      <td>1.000000</td>\n",
       "    </tr>\n",
       "  </tbody>\n",
       "</table>\n",
       "</div>"
      ],
      "text/plain": [
       "             キロ程      バラスト    ロングレール    マクラギ種別      橋りょう        踏切       通トン  \\\n",
       "キロ程     1.000000  0.735576 -0.009231  0.049370  0.043236  0.086872 -0.254078   \n",
       "バラスト    0.735576  1.000000 -0.082503 -0.134649 -0.170557 -0.049865 -0.122773   \n",
       "ロングレール -0.009231 -0.082503  1.000000 -0.491214 -0.372674  0.011427 -0.046478   \n",
       "マクラギ種別  0.049370 -0.134649 -0.491214  1.000000  0.668407  0.428016 -0.002388   \n",
       "橋りょう    0.043236 -0.170557 -0.372674  0.668407  1.000000 -0.011865  0.027053   \n",
       "踏切      0.086872 -0.049865  0.011427  0.428016 -0.011865  1.000000 -0.037583   \n",
       "通トン    -0.254078 -0.122773 -0.046478 -0.002388  0.027053 -0.037583  1.000000   \n",
       "曲線半径   -0.060245 -0.076995  0.047615 -0.042737 -0.035931 -0.001028 -0.172894   \n",
       "フラグ    -0.143922 -0.020903 -0.305350  0.127005 -0.074134 -0.022551 -0.071135   \n",
       "\n",
       "            曲線半径       フラグ  \n",
       "キロ程    -0.060245 -0.143922  \n",
       "バラスト   -0.076995 -0.020903  \n",
       "ロングレール  0.047615 -0.305350  \n",
       "マクラギ種別 -0.042737  0.127005  \n",
       "橋りょう   -0.035931 -0.074134  \n",
       "踏切     -0.001028 -0.022551  \n",
       "通トン    -0.172894 -0.071135  \n",
       "曲線半径    1.000000 -0.067637  \n",
       "フラグ    -0.067637  1.000000  "
      ]
     },
     "execution_count": 8,
     "metadata": {},
     "output_type": "execute_result"
    }
   ],
   "source": [
    "equipments[\"A\"].corr()"
   ]
  },
  {
   "cell_type": "code",
   "execution_count": 9,
   "metadata": {
    "collapsed": true
   },
   "outputs": [],
   "source": [
    "# 軌道検測データと設備台帳データを統合\n",
    "dfs={}\n",
    "for no in ['A','B','C','D']:\n",
    "    dfs[no] = pd.merge(tracks[no], equipments[no], on=\"キロ程\")"
   ]
  },
  {
   "cell_type": "code",
   "execution_count": 34,
   "metadata": {
    "collapsed": false
   },
   "outputs": [
    {
     "name": "stdout",
     "output_type": "stream",
     "text": [
      "<class 'pandas.core.frame.DataFrame'>\n",
      "Int64Index: 10185690 entries, 0 to 10185689\n",
      "Data columns (total 17 columns):\n",
      "date      datetime64[ns]\n",
      "キロ程       int64\n",
      "高低左       float64\n",
      "高低右       float64\n",
      "通り左       float64\n",
      "通り右       float64\n",
      "水準        float64\n",
      "軌間        float64\n",
      "速度        float64\n",
      "バラスト      int64\n",
      "ロングレール    int64\n",
      "マクラギ種別    int64\n",
      "橋りょう      int64\n",
      "踏切        int64\n",
      "通トン       float64\n",
      "曲線半径      int64\n",
      "フラグ       int64\n",
      "dtypes: datetime64[ns](1), float64(8), int64(8)\n",
      "memory usage: 1.4 GB\n"
     ]
    }
   ],
   "source": [
    "dfs[\"A\"].info()"
   ]
  },
  {
   "cell_type": "code",
   "execution_count": 11,
   "metadata": {
    "collapsed": false
   },
   "outputs": [
    {
     "data": {
      "text/html": [
       "<div>\n",
       "<table border=\"1\" class=\"dataframe\">\n",
       "  <thead>\n",
       "    <tr style=\"text-align: right;\">\n",
       "      <th></th>\n",
       "      <th>キロ程</th>\n",
       "      <th>高低左</th>\n",
       "      <th>高低右</th>\n",
       "      <th>通り左</th>\n",
       "      <th>通り右</th>\n",
       "      <th>水準</th>\n",
       "      <th>軌間</th>\n",
       "      <th>速度</th>\n",
       "      <th>バラスト</th>\n",
       "      <th>ロングレール</th>\n",
       "      <th>マクラギ種別</th>\n",
       "      <th>橋りょう</th>\n",
       "      <th>踏切</th>\n",
       "      <th>通トン</th>\n",
       "      <th>曲線半径</th>\n",
       "      <th>フラグ</th>\n",
       "    </tr>\n",
       "  </thead>\n",
       "  <tbody>\n",
       "    <tr>\n",
       "      <th>キロ程</th>\n",
       "      <td>1.000000</td>\n",
       "      <td>0.001649</td>\n",
       "      <td>0.001692</td>\n",
       "      <td>0.001418</td>\n",
       "      <td>0.005611</td>\n",
       "      <td>-0.001766</td>\n",
       "      <td>0.011020</td>\n",
       "      <td>-0.025942</td>\n",
       "      <td>0.735576</td>\n",
       "      <td>-0.009231</td>\n",
       "      <td>0.049370</td>\n",
       "      <td>0.043236</td>\n",
       "      <td>0.086872</td>\n",
       "      <td>-0.254078</td>\n",
       "      <td>-0.060245</td>\n",
       "      <td>-0.143922</td>\n",
       "    </tr>\n",
       "    <tr>\n",
       "      <th>高低左</th>\n",
       "      <td>0.001649</td>\n",
       "      <td>1.000000</td>\n",
       "      <td>0.859896</td>\n",
       "      <td>-0.024764</td>\n",
       "      <td>0.000893</td>\n",
       "      <td>0.127706</td>\n",
       "      <td>-0.008493</td>\n",
       "      <td>-0.001637</td>\n",
       "      <td>-0.008000</td>\n",
       "      <td>-0.000902</td>\n",
       "      <td>0.030091</td>\n",
       "      <td>0.010774</td>\n",
       "      <td>0.052875</td>\n",
       "      <td>-0.001462</td>\n",
       "      <td>0.001755</td>\n",
       "      <td>0.001213</td>\n",
       "    </tr>\n",
       "    <tr>\n",
       "      <th>高低右</th>\n",
       "      <td>0.001692</td>\n",
       "      <td>0.859896</td>\n",
       "      <td>1.000000</td>\n",
       "      <td>-0.013748</td>\n",
       "      <td>0.007806</td>\n",
       "      <td>-0.230668</td>\n",
       "      <td>-0.007818</td>\n",
       "      <td>-0.002890</td>\n",
       "      <td>-0.006943</td>\n",
       "      <td>-0.002824</td>\n",
       "      <td>0.024694</td>\n",
       "      <td>0.005863</td>\n",
       "      <td>0.046328</td>\n",
       "      <td>-0.001442</td>\n",
       "      <td>0.001348</td>\n",
       "      <td>0.001836</td>\n",
       "    </tr>\n",
       "    <tr>\n",
       "      <th>通り左</th>\n",
       "      <td>0.001418</td>\n",
       "      <td>-0.024764</td>\n",
       "      <td>-0.013748</td>\n",
       "      <td>1.000000</td>\n",
       "      <td>0.672010</td>\n",
       "      <td>0.110360</td>\n",
       "      <td>0.239638</td>\n",
       "      <td>-0.005872</td>\n",
       "      <td>0.007872</td>\n",
       "      <td>-0.016481</td>\n",
       "      <td>-0.019129</td>\n",
       "      <td>-0.007434</td>\n",
       "      <td>-0.006480</td>\n",
       "      <td>0.000323</td>\n",
       "      <td>-0.000464</td>\n",
       "      <td>-0.000009</td>\n",
       "    </tr>\n",
       "    <tr>\n",
       "      <th>通り右</th>\n",
       "      <td>0.005611</td>\n",
       "      <td>0.000893</td>\n",
       "      <td>0.007806</td>\n",
       "      <td>0.672010</td>\n",
       "      <td>1.000000</td>\n",
       "      <td>0.114152</td>\n",
       "      <td>-0.186453</td>\n",
       "      <td>-0.003561</td>\n",
       "      <td>0.009477</td>\n",
       "      <td>-0.000089</td>\n",
       "      <td>-0.032530</td>\n",
       "      <td>-0.005662</td>\n",
       "      <td>-0.014081</td>\n",
       "      <td>-0.002830</td>\n",
       "      <td>0.001530</td>\n",
       "      <td>-0.013118</td>\n",
       "    </tr>\n",
       "    <tr>\n",
       "      <th>水準</th>\n",
       "      <td>-0.001766</td>\n",
       "      <td>0.127706</td>\n",
       "      <td>-0.230668</td>\n",
       "      <td>0.110360</td>\n",
       "      <td>0.114152</td>\n",
       "      <td>1.000000</td>\n",
       "      <td>0.004297</td>\n",
       "      <td>0.004581</td>\n",
       "      <td>-0.007844</td>\n",
       "      <td>0.011366</td>\n",
       "      <td>0.021360</td>\n",
       "      <td>0.013784</td>\n",
       "      <td>0.034417</td>\n",
       "      <td>0.001035</td>\n",
       "      <td>0.003775</td>\n",
       "      <td>-0.009108</td>\n",
       "    </tr>\n",
       "    <tr>\n",
       "      <th>軌間</th>\n",
       "      <td>0.011020</td>\n",
       "      <td>-0.008493</td>\n",
       "      <td>-0.007818</td>\n",
       "      <td>0.239638</td>\n",
       "      <td>-0.186453</td>\n",
       "      <td>0.004297</td>\n",
       "      <td>1.000000</td>\n",
       "      <td>0.000767</td>\n",
       "      <td>0.007902</td>\n",
       "      <td>0.034160</td>\n",
       "      <td>-0.009792</td>\n",
       "      <td>0.008216</td>\n",
       "      <td>0.020929</td>\n",
       "      <td>-0.007368</td>\n",
       "      <td>0.005083</td>\n",
       "      <td>-0.029061</td>\n",
       "    </tr>\n",
       "    <tr>\n",
       "      <th>速度</th>\n",
       "      <td>-0.025942</td>\n",
       "      <td>-0.001637</td>\n",
       "      <td>-0.002890</td>\n",
       "      <td>-0.005872</td>\n",
       "      <td>-0.003561</td>\n",
       "      <td>0.004581</td>\n",
       "      <td>0.000767</td>\n",
       "      <td>1.000000</td>\n",
       "      <td>-0.056392</td>\n",
       "      <td>0.128218</td>\n",
       "      <td>0.011933</td>\n",
       "      <td>0.086814</td>\n",
       "      <td>0.005224</td>\n",
       "      <td>0.098421</td>\n",
       "      <td>0.023072</td>\n",
       "      <td>-0.470895</td>\n",
       "    </tr>\n",
       "    <tr>\n",
       "      <th>バラスト</th>\n",
       "      <td>0.735576</td>\n",
       "      <td>-0.008000</td>\n",
       "      <td>-0.006943</td>\n",
       "      <td>0.007872</td>\n",
       "      <td>0.009477</td>\n",
       "      <td>-0.007844</td>\n",
       "      <td>0.007902</td>\n",
       "      <td>-0.056392</td>\n",
       "      <td>1.000000</td>\n",
       "      <td>-0.082503</td>\n",
       "      <td>-0.134649</td>\n",
       "      <td>-0.170557</td>\n",
       "      <td>-0.049865</td>\n",
       "      <td>-0.122773</td>\n",
       "      <td>-0.076995</td>\n",
       "      <td>-0.020903</td>\n",
       "    </tr>\n",
       "    <tr>\n",
       "      <th>ロングレール</th>\n",
       "      <td>-0.009231</td>\n",
       "      <td>-0.000902</td>\n",
       "      <td>-0.002824</td>\n",
       "      <td>-0.016481</td>\n",
       "      <td>-0.000089</td>\n",
       "      <td>0.011366</td>\n",
       "      <td>0.034160</td>\n",
       "      <td>0.128218</td>\n",
       "      <td>-0.082503</td>\n",
       "      <td>1.000000</td>\n",
       "      <td>-0.491214</td>\n",
       "      <td>-0.372674</td>\n",
       "      <td>0.011427</td>\n",
       "      <td>-0.046478</td>\n",
       "      <td>0.047615</td>\n",
       "      <td>-0.305350</td>\n",
       "    </tr>\n",
       "    <tr>\n",
       "      <th>マクラギ種別</th>\n",
       "      <td>0.049370</td>\n",
       "      <td>0.030091</td>\n",
       "      <td>0.024694</td>\n",
       "      <td>-0.019129</td>\n",
       "      <td>-0.032530</td>\n",
       "      <td>0.021360</td>\n",
       "      <td>-0.009792</td>\n",
       "      <td>0.011933</td>\n",
       "      <td>-0.134649</td>\n",
       "      <td>-0.491214</td>\n",
       "      <td>1.000000</td>\n",
       "      <td>0.668407</td>\n",
       "      <td>0.428016</td>\n",
       "      <td>-0.002388</td>\n",
       "      <td>-0.042737</td>\n",
       "      <td>0.127005</td>\n",
       "    </tr>\n",
       "    <tr>\n",
       "      <th>橋りょう</th>\n",
       "      <td>0.043236</td>\n",
       "      <td>0.010774</td>\n",
       "      <td>0.005863</td>\n",
       "      <td>-0.007434</td>\n",
       "      <td>-0.005662</td>\n",
       "      <td>0.013784</td>\n",
       "      <td>0.008216</td>\n",
       "      <td>0.086814</td>\n",
       "      <td>-0.170557</td>\n",
       "      <td>-0.372674</td>\n",
       "      <td>0.668407</td>\n",
       "      <td>1.000000</td>\n",
       "      <td>-0.011865</td>\n",
       "      <td>0.027053</td>\n",
       "      <td>-0.035931</td>\n",
       "      <td>-0.074134</td>\n",
       "    </tr>\n",
       "    <tr>\n",
       "      <th>踏切</th>\n",
       "      <td>0.086872</td>\n",
       "      <td>0.052875</td>\n",
       "      <td>0.046328</td>\n",
       "      <td>-0.006480</td>\n",
       "      <td>-0.014081</td>\n",
       "      <td>0.034417</td>\n",
       "      <td>0.020929</td>\n",
       "      <td>0.005224</td>\n",
       "      <td>-0.049865</td>\n",
       "      <td>0.011427</td>\n",
       "      <td>0.428016</td>\n",
       "      <td>-0.011865</td>\n",
       "      <td>1.000000</td>\n",
       "      <td>-0.037583</td>\n",
       "      <td>-0.001028</td>\n",
       "      <td>-0.022551</td>\n",
       "    </tr>\n",
       "    <tr>\n",
       "      <th>通トン</th>\n",
       "      <td>-0.254078</td>\n",
       "      <td>-0.001462</td>\n",
       "      <td>-0.001442</td>\n",
       "      <td>0.000323</td>\n",
       "      <td>-0.002830</td>\n",
       "      <td>0.001035</td>\n",
       "      <td>-0.007368</td>\n",
       "      <td>0.098421</td>\n",
       "      <td>-0.122773</td>\n",
       "      <td>-0.046478</td>\n",
       "      <td>-0.002388</td>\n",
       "      <td>0.027053</td>\n",
       "      <td>-0.037583</td>\n",
       "      <td>1.000000</td>\n",
       "      <td>-0.172894</td>\n",
       "      <td>-0.071135</td>\n",
       "    </tr>\n",
       "    <tr>\n",
       "      <th>曲線半径</th>\n",
       "      <td>-0.060245</td>\n",
       "      <td>0.001755</td>\n",
       "      <td>0.001348</td>\n",
       "      <td>-0.000464</td>\n",
       "      <td>0.001530</td>\n",
       "      <td>0.003775</td>\n",
       "      <td>0.005083</td>\n",
       "      <td>0.023072</td>\n",
       "      <td>-0.076995</td>\n",
       "      <td>0.047615</td>\n",
       "      <td>-0.042737</td>\n",
       "      <td>-0.035931</td>\n",
       "      <td>-0.001028</td>\n",
       "      <td>-0.172894</td>\n",
       "      <td>1.000000</td>\n",
       "      <td>-0.067637</td>\n",
       "    </tr>\n",
       "    <tr>\n",
       "      <th>フラグ</th>\n",
       "      <td>-0.143922</td>\n",
       "      <td>0.001213</td>\n",
       "      <td>0.001836</td>\n",
       "      <td>-0.000009</td>\n",
       "      <td>-0.013118</td>\n",
       "      <td>-0.009108</td>\n",
       "      <td>-0.029061</td>\n",
       "      <td>-0.470895</td>\n",
       "      <td>-0.020903</td>\n",
       "      <td>-0.305350</td>\n",
       "      <td>0.127005</td>\n",
       "      <td>-0.074134</td>\n",
       "      <td>-0.022551</td>\n",
       "      <td>-0.071135</td>\n",
       "      <td>-0.067637</td>\n",
       "      <td>1.000000</td>\n",
       "    </tr>\n",
       "  </tbody>\n",
       "</table>\n",
       "</div>"
      ],
      "text/plain": [
       "             キロ程       高低左       高低右       通り左       通り右        水準        軌間  \\\n",
       "キロ程     1.000000  0.001649  0.001692  0.001418  0.005611 -0.001766  0.011020   \n",
       "高低左     0.001649  1.000000  0.859896 -0.024764  0.000893  0.127706 -0.008493   \n",
       "高低右     0.001692  0.859896  1.000000 -0.013748  0.007806 -0.230668 -0.007818   \n",
       "通り左     0.001418 -0.024764 -0.013748  1.000000  0.672010  0.110360  0.239638   \n",
       "通り右     0.005611  0.000893  0.007806  0.672010  1.000000  0.114152 -0.186453   \n",
       "水準     -0.001766  0.127706 -0.230668  0.110360  0.114152  1.000000  0.004297   \n",
       "軌間      0.011020 -0.008493 -0.007818  0.239638 -0.186453  0.004297  1.000000   \n",
       "速度     -0.025942 -0.001637 -0.002890 -0.005872 -0.003561  0.004581  0.000767   \n",
       "バラスト    0.735576 -0.008000 -0.006943  0.007872  0.009477 -0.007844  0.007902   \n",
       "ロングレール -0.009231 -0.000902 -0.002824 -0.016481 -0.000089  0.011366  0.034160   \n",
       "マクラギ種別  0.049370  0.030091  0.024694 -0.019129 -0.032530  0.021360 -0.009792   \n",
       "橋りょう    0.043236  0.010774  0.005863 -0.007434 -0.005662  0.013784  0.008216   \n",
       "踏切      0.086872  0.052875  0.046328 -0.006480 -0.014081  0.034417  0.020929   \n",
       "通トン    -0.254078 -0.001462 -0.001442  0.000323 -0.002830  0.001035 -0.007368   \n",
       "曲線半径   -0.060245  0.001755  0.001348 -0.000464  0.001530  0.003775  0.005083   \n",
       "フラグ    -0.143922  0.001213  0.001836 -0.000009 -0.013118 -0.009108 -0.029061   \n",
       "\n",
       "              速度      バラスト    ロングレール    マクラギ種別      橋りょう        踏切       通トン  \\\n",
       "キロ程    -0.025942  0.735576 -0.009231  0.049370  0.043236  0.086872 -0.254078   \n",
       "高低左    -0.001637 -0.008000 -0.000902  0.030091  0.010774  0.052875 -0.001462   \n",
       "高低右    -0.002890 -0.006943 -0.002824  0.024694  0.005863  0.046328 -0.001442   \n",
       "通り左    -0.005872  0.007872 -0.016481 -0.019129 -0.007434 -0.006480  0.000323   \n",
       "通り右    -0.003561  0.009477 -0.000089 -0.032530 -0.005662 -0.014081 -0.002830   \n",
       "水準      0.004581 -0.007844  0.011366  0.021360  0.013784  0.034417  0.001035   \n",
       "軌間      0.000767  0.007902  0.034160 -0.009792  0.008216  0.020929 -0.007368   \n",
       "速度      1.000000 -0.056392  0.128218  0.011933  0.086814  0.005224  0.098421   \n",
       "バラスト   -0.056392  1.000000 -0.082503 -0.134649 -0.170557 -0.049865 -0.122773   \n",
       "ロングレール  0.128218 -0.082503  1.000000 -0.491214 -0.372674  0.011427 -0.046478   \n",
       "マクラギ種別  0.011933 -0.134649 -0.491214  1.000000  0.668407  0.428016 -0.002388   \n",
       "橋りょう    0.086814 -0.170557 -0.372674  0.668407  1.000000 -0.011865  0.027053   \n",
       "踏切      0.005224 -0.049865  0.011427  0.428016 -0.011865  1.000000 -0.037583   \n",
       "通トン     0.098421 -0.122773 -0.046478 -0.002388  0.027053 -0.037583  1.000000   \n",
       "曲線半径    0.023072 -0.076995  0.047615 -0.042737 -0.035931 -0.001028 -0.172894   \n",
       "フラグ    -0.470895 -0.020903 -0.305350  0.127005 -0.074134 -0.022551 -0.071135   \n",
       "\n",
       "            曲線半径       フラグ  \n",
       "キロ程    -0.060245 -0.143922  \n",
       "高低左     0.001755  0.001213  \n",
       "高低右     0.001348  0.001836  \n",
       "通り左    -0.000464 -0.000009  \n",
       "通り右     0.001530 -0.013118  \n",
       "水準      0.003775 -0.009108  \n",
       "軌間      0.005083 -0.029061  \n",
       "速度      0.023072 -0.470895  \n",
       "バラスト   -0.076995 -0.020903  \n",
       "ロングレール  0.047615 -0.305350  \n",
       "マクラギ種別 -0.042737  0.127005  \n",
       "橋りょう   -0.035931 -0.074134  \n",
       "踏切     -0.001028 -0.022551  \n",
       "通トン    -0.172894 -0.071135  \n",
       "曲線半径    1.000000 -0.067637  \n",
       "フラグ    -0.067637  1.000000  "
      ]
     },
     "execution_count": 11,
     "metadata": {},
     "output_type": "execute_result"
    }
   ],
   "source": [
    "dfs[\"A\"].corr()"
   ]
  },
  {
   "cell_type": "code",
   "execution_count": 18,
   "metadata": {
    "collapsed": false
   },
   "outputs": [
    {
     "data": {
      "text/html": [
       "<div>\n",
       "<table border=\"1\" class=\"dataframe\">\n",
       "  <thead>\n",
       "    <tr style=\"text-align: right;\">\n",
       "      <th></th>\n",
       "      <th>date</th>\n",
       "      <th>キロ程</th>\n",
       "      <th>高低左</th>\n",
       "      <th>高低右</th>\n",
       "      <th>通り左</th>\n",
       "      <th>通り右</th>\n",
       "      <th>水準</th>\n",
       "      <th>軌間</th>\n",
       "      <th>速度</th>\n",
       "      <th>バラスト</th>\n",
       "      <th>ロングレール</th>\n",
       "      <th>マクラギ種別</th>\n",
       "      <th>橋りょう</th>\n",
       "      <th>踏切</th>\n",
       "      <th>通トン</th>\n",
       "      <th>曲線半径</th>\n",
       "      <th>フラグ</th>\n",
       "    </tr>\n",
       "  </thead>\n",
       "  <tbody>\n",
       "    <tr>\n",
       "      <th>0</th>\n",
       "      <td>2017-04-01</td>\n",
       "      <td>10000</td>\n",
       "      <td>-1.16</td>\n",
       "      <td>-0.23</td>\n",
       "      <td>1.20</td>\n",
       "      <td>1.20</td>\n",
       "      <td>0.83</td>\n",
       "      <td>3.89</td>\n",
       "      <td>84.0</td>\n",
       "      <td>1</td>\n",
       "      <td>1</td>\n",
       "      <td>3</td>\n",
       "      <td>0</td>\n",
       "      <td>0</td>\n",
       "      <td>13.607</td>\n",
       "      <td>0</td>\n",
       "      <td>1</td>\n",
       "    </tr>\n",
       "    <tr>\n",
       "      <th>1</th>\n",
       "      <td>2017-04-02</td>\n",
       "      <td>10000</td>\n",
       "      <td>-0.81</td>\n",
       "      <td>-0.16</td>\n",
       "      <td>2.40</td>\n",
       "      <td>2.40</td>\n",
       "      <td>1.11</td>\n",
       "      <td>4.14</td>\n",
       "      <td>84.0</td>\n",
       "      <td>1</td>\n",
       "      <td>1</td>\n",
       "      <td>3</td>\n",
       "      <td>0</td>\n",
       "      <td>0</td>\n",
       "      <td>13.607</td>\n",
       "      <td>0</td>\n",
       "      <td>1</td>\n",
       "    </tr>\n",
       "    <tr>\n",
       "      <th>2</th>\n",
       "      <td>2017-04-03</td>\n",
       "      <td>10000</td>\n",
       "      <td>-0.99</td>\n",
       "      <td>-0.22</td>\n",
       "      <td>2.37</td>\n",
       "      <td>2.37</td>\n",
       "      <td>0.50</td>\n",
       "      <td>3.91</td>\n",
       "      <td>84.0</td>\n",
       "      <td>1</td>\n",
       "      <td>1</td>\n",
       "      <td>3</td>\n",
       "      <td>0</td>\n",
       "      <td>0</td>\n",
       "      <td>13.607</td>\n",
       "      <td>0</td>\n",
       "      <td>1</td>\n",
       "    </tr>\n",
       "    <tr>\n",
       "      <th>3</th>\n",
       "      <td>2017-04-04</td>\n",
       "      <td>10000</td>\n",
       "      <td>NaN</td>\n",
       "      <td>NaN</td>\n",
       "      <td>NaN</td>\n",
       "      <td>NaN</td>\n",
       "      <td>NaN</td>\n",
       "      <td>NaN</td>\n",
       "      <td>54.0</td>\n",
       "      <td>1</td>\n",
       "      <td>1</td>\n",
       "      <td>3</td>\n",
       "      <td>0</td>\n",
       "      <td>0</td>\n",
       "      <td>13.607</td>\n",
       "      <td>0</td>\n",
       "      <td>1</td>\n",
       "    </tr>\n",
       "    <tr>\n",
       "      <th>4</th>\n",
       "      <td>2017-04-05</td>\n",
       "      <td>10000</td>\n",
       "      <td>-0.97</td>\n",
       "      <td>-0.33</td>\n",
       "      <td>2.51</td>\n",
       "      <td>2.73</td>\n",
       "      <td>0.50</td>\n",
       "      <td>3.28</td>\n",
       "      <td>45.0</td>\n",
       "      <td>1</td>\n",
       "      <td>1</td>\n",
       "      <td>3</td>\n",
       "      <td>0</td>\n",
       "      <td>0</td>\n",
       "      <td>13.607</td>\n",
       "      <td>0</td>\n",
       "      <td>1</td>\n",
       "    </tr>\n",
       "    <tr>\n",
       "      <th>5</th>\n",
       "      <td>2017-04-06</td>\n",
       "      <td>10000</td>\n",
       "      <td>-1.48</td>\n",
       "      <td>-0.94</td>\n",
       "      <td>1.68</td>\n",
       "      <td>1.68</td>\n",
       "      <td>1.41</td>\n",
       "      <td>4.26</td>\n",
       "      <td>62.0</td>\n",
       "      <td>1</td>\n",
       "      <td>1</td>\n",
       "      <td>3</td>\n",
       "      <td>0</td>\n",
       "      <td>0</td>\n",
       "      <td>13.607</td>\n",
       "      <td>0</td>\n",
       "      <td>1</td>\n",
       "    </tr>\n",
       "    <tr>\n",
       "      <th>6</th>\n",
       "      <td>2017-04-07</td>\n",
       "      <td>10000</td>\n",
       "      <td>-0.66</td>\n",
       "      <td>-0.26</td>\n",
       "      <td>3.46</td>\n",
       "      <td>3.54</td>\n",
       "      <td>1.29</td>\n",
       "      <td>2.99</td>\n",
       "      <td>43.0</td>\n",
       "      <td>1</td>\n",
       "      <td>1</td>\n",
